1.000000 0.01393202250021019494852
0.500000 0.00735931288071522970995
0.250000 0.00378874876467882870656
0.125000 0.00192319072807833890693
0.062500 0.00096900680580347398063
0.031250 0.00048638316395965830452
0.015625 0.00024366494881178368814
0.007812 0.00012195124855907124584
0.003906 0.00006100537211750634015
0.001953 0.00003051012981813983060
0.000977 0.00001525692687209811993
0.000488 0.00000762892886996269226
0.000244 0.00000381458085030317307
0.000122 0.00000190731952898204327
0.000061 0.00000095366704044863582
0.000031 0.00000047683715820312500
0.000015 0.00000023841857910156250
0.000008 0.00000011920928955078125
0.000004 0.00000005960464477539062
0.000002 0.00000002980232238769531
0.000001 0.00000001490116119384766
