1.000000 0.00200858496545630593744
0.500000 0.00049165017267172039794
0.250000 0.00012227941024356425714
0.125000 0.00003053062414970497684
0.062500 0.00000763020955396598310
0.031250 0.00000190739956451579928
0.015625 0.00000047684034854000856
0.007812 0.00000011920947429189255
0.003906 0.00000002980232238769531
0.001953 0.00000000745058059692383
0.000977 0.00000000186253146239324
0.000488 0.00000000046566128730774
0.000244 0.00000000011641532182693
0.000122 0.00000000002910383045673
0.000061 0.00000000000727595761418
0.000031 0.00000000000000000000000
0.000015 0.00000000000000000000000
0.000008 0.00000000000000000000000
0.000004 0.00000000000000000000000
0.000002 0.00000000000000000000000
0.000001 0.00000000000000000000000
