1.000000 0.00026156841356517190889
0.500000 0.00001399475825647478189
0.250000 0.00000084417723250629351
0.125000 0.00000005230454827587216
0.062500 0.00000000326197793776295
0.031250 0.00000000020376533793609
0.015625 0.00000000001272346117354
0.007812 0.00000000000081712414612
0.003906 0.00000000000006156186672
0.001953 0.00000000000000000000000
0.000977 0.00000000000015160095401
0.000488 0.00000000000003791411629
0.000244 0.00000000000000000000000
0.000122 0.00000000000000000000000
0.000061 0.00000000000000000000000
0.000031 0.00000000000242533770844
0.000015 0.00000000000000000000000
0.000008 0.00000000000000000000000
0.000004 0.00000000000000000000000
0.000002 0.00000000000000000000000
0.000001 0.00000000000000000000000
