1.000000 0.00015063890441524563357
0.500000 0.00000129260731795977080
0.250000 0.00000001794765180918034
0.125000 0.00000000027264002167016
0.062500 0.00000000000422756274432
0.031250 0.00000000000006444844658
0.015625 0.00000000000001282307593
0.007812 0.00000000000002509104036
0.003906 0.00000000000000946465128
0.001953 0.00000000000000760502772
0.000977 0.00000000000017433277044
0.000488 0.00000000000006822320486
0.000244 0.00000000000000000000000
0.000122 0.00000000000000000000000
0.000061 0.00000000000000000000000
0.000031 0.00000000000278910228246
0.000015 0.00000000000024252821973
0.000008 0.00000000000000000000000
0.000004 0.00000000000000000000000
0.000002 0.00000000000000000000000
0.000001 0.00000000000000000000000
