# x y
0.00000 0.00031
0.00500 0.00059
0.01000 0.00084
0.01500 0.00107
0.02000 0.00128
0.02500 0.00146
0.03000 0.00162
0.03500 0.00175
0.04000 0.00186
0.04500 0.00195
0.05000 0.00201
0.05500 0.00205
0.06000 0.00207
0.06500 0.00206
0.07000 0.00203
0.07500 0.00198
0.08000 0.00191
0.08500 0.00181
0.09000 0.00170
0.09500 0.00156
0.10000 0.00140
0.10500 0.00123
0.11000 0.00103
0.11500 0.00082
0.12000 0.00058
0.12500 0.00033
0.13000 0.00007
0.13500 -0.00022
0.14000 -0.00052
0.14500 -0.00084
0.15000 -0.00118
0.15500 -0.00152
0.16000 -0.00189
0.16500 -0.00227
0.17000 -0.00266
0.17500 -0.00306
0.18000 -0.00348
0.18500 -0.00390
0.19000 -0.00434
0.19500 -0.00479
0.20000 -0.00525
0.20500 -0.00572
0.21000 -0.00619
0.21500 -0.00668
0.22000 -0.00717
0.22500 -0.00767
0.23000 -0.00817
0.23500 -0.00868
0.24000 -0.00919
0.24500 -0.00971
0.25000 -0.01023
0.25500 -0.01076
0.26000 -0.01128
0.26500 -0.01181
0.27000 -0.01234
0.27500 -0.01287
0.28000 -0.01340
0.28500 -0.01393
0.29000 -0.01445
0.29500 -0.01498
0.30000 -0.01550
0.30500 -0.01602
0.31000 -0.01653
0.31500 -0.01704
0.32000 -0.01754
0.32500 -0.01804
0.33000 -0.01853
0.33500 -0.01902
0.34000 -0.01949
0.34500 -0.01996
0.35000 -0.02042
0.35500 -0.02087
0.36000 -0.02132
0.36500 -0.02175
0.37000 -0.02217
0.37500 -0.02258
0.38000 -0.02297
0.38500 -0.02336
0.39000 -0.02373
0.39500 -0.02409
0.40000 -0.02444
0.40500 -0.02477
0.41000 -0.02509
0.41500 -0.02539
0.42000 -0.02568
0.42500 -0.02596
0.43000 -0.02622
0.43500 -0.02646
0.44000 -0.02669
0.44500 -0.02690
0.45000 -0.02709
0.45500 -0.02727
0.46000 -0.02743
0.46500 -0.02757
0.47000 -0.02770
0.47500 -0.02781
0.48000 -0.02790
0.48500 -0.02797
0.49000 -0.02802
0.49500 -0.02806
0.50000 -0.02808
0.50500 -0.02808
0.51000 -0.02806
0.51500 -0.02803
0.52000 -0.02798
0.52500 -0.02790
0.53000 -0.02782
0.53500 -0.02771
0.54000 -0.02759
0.54500 -0.02744
0.55000 -0.02729
0.55500 -0.02711
0.56000 -0.02692
0.56500 -0.02671
0.57000 -0.02648
0.57500 -0.02624
0.58000 -0.02598
0.58500 -0.02571
0.59000 -0.02542
0.59500 -0.02511
0.60000 -0.02479
0.60500 -0.02446
0.61000 -0.02411
0.61500 -0.02375
0.62000 -0.02337
0.62500 -0.02299
0.63000 -0.02259
0.63500 -0.02218
0.64000 -0.02175
0.64500 -0.02132
0.65000 -0.02087
0.65500 -0.02042
0.66000 -0.01996
0.66500 -0.01948
0.67000 -0.01900
0.67500 -0.01851
0.68000 -0.01802
0.68500 -0.01752
0.69000 -0.01701
0.69500 -0.01649
0.70000 -0.01598
0.70500 -0.01545
0.71000 -0.01493
0.71500 -0.01440
0.72000 -0.01387
0.72500 -0.01334
0.73000 -0.01280
0.73500 -0.01227
0.74000 -0.01174
0.74500 -0.01120
0.75000 -0.01067
0.75500 -0.01015
0.76000 -0.00962
0.76500 -0.00910
0.77000 -0.00858
0.77500 -0.00807
0.78000 -0.00757
0.78500 -0.00707
0.79000 -0.00657
0.79500 -0.00609
0.80000 -0.00561
0.80500 -0.00514
0.81000 -0.00469
0.81500 -0.00424
0.82000 -0.00380
0.82500 -0.00338
0.83000 -0.00296
0.83500 -0.00256
0.84000 -0.00218
0.84500 -0.00180
0.85000 -0.00145
0.85500 -0.00110
0.86000 -0.00077
0.86500 -0.00046
0.87000 -0.00017
0.87500 0.00011
0.88000 0.00037
0.88500 0.00061
0.89000 0.00084
0.89500 0.00104
0.90000 0.00123
0.90500 0.00139
0.91000 0.00154
0.91500 0.00166
0.92000 0.00177
0.92500 0.00185
0.93000 0.00191
0.93500 0.00194
0.94000 0.00196
0.94500 0.00195
0.95000 0.00192
0.95500 0.00187
0.96000 0.00179
0.96500 0.00169
0.97000 0.00156
0.97500 0.00141
0.98000 0.00124
0.98500 0.00104
0.99000 0.00082
0.99500 0.00057
