1.000000 0.01794919243112280682340
0.500000 0.00834261322605867050584
0.250000 0.00403330758516595722085
0.125000 0.00198425197637774886061
0.062500 0.00098426722491140594684
0.031250 0.00049019796308868990309
0.015625 0.00024461862950886370527
0.007812 0.00012218966750765503093
0.003906 0.00006106497676228173077
0.001953 0.00003052503097933367826
0.000977 0.00001526065193502290640
0.000488 0.00000762986019253730774
0.000244 0.00000381481368094682693
0.000122 0.00000190737773664295673
0.000061 0.00000095368159236386418
0.000031 0.00000047683715820312500
0.000015 0.00000023841857910156250
0.000008 0.00000011920928955078125
0.000004 0.00000005960464477539062
0.000002 0.00000002980232238769531
0.000001 0.00000001490116119384766
